<!DOCTYPE html>
<html lang="pl">

<head>
    <meta charset="UTF-8">
    <meta name="viewport" content="width=device-width, initial-scale=1.0">

    <!-- CSS -->
    <link rel="stylesheet" href="design.css">

    <!-- FontAwesome -->
    <script src="https://kit.fontawesome.com/264a91385a.js" crossorigin="anonymous"></script>

    <title>Portfolio || Patryk Roszkowski</title>
</head>

<body>


    <header>
        <div class="logo"><span>P</span>atryk.</div>
        <ul class="nawigacja-lista">
            <li><a href="#Glowna">Główna</a></li>
            <li><a href="#Omnie">O mnie</a></li>
            <li><a href="#Uslugi">Usługi</a></li>
            <li><a href="#Umiejetnosci">Umiejętności</a></li>
            <li><a href="#Portfolio">Portfolio</a></li>
            <li><a href="#Kontakt">Kontakt</a></li>
        </ul>
        <div id="hamburger">
            <i class="fa-solid fa-bars"></i>
        </div>
    </header>


    <!-- Główna sekcja - Początek-->
    <section id="Glowna" class="glowna">
        <div class="glowna-tresc skala-skrola">
            <h1>Cześć!<br> Mam na imię Patryk Roszkowski</h1>
            <div class="zmien-tekst">
                <h3>Jestem</h3>
                <h3>
                    <span class="slowo">Administrator&nbsp;IT</span>
                    <span class="slowo">FrontEnd&nbsp;Developer</span>
                    <span class="slowo">Web&nbsp;Designer</span>
                    <span class="slowo">Windows's&nbsp;Specjalist</span>
                </h3>
            </div>

            <p>Administrator IT jest moim aktualnym stanowiskiem, FrontEnd'em zajmuję się już ok. 10 lat, jestem także
                samoukiem, więc elastyczność, a nie sztywne trzymanie się standardów.</p>

            <div class="info-blok">

                <div class="linkedin">
                    <h5>Linkedin: </h5>
                    <a href="https://www.linkedin.com/in/patryk-roszkowski-9a15a0268/"><span>Linkedin/Patryk</span></a>
                </div>

                <div class="email">
                    <h5>Email: </h5>
                    <a href="mailto:patrykroszkowski2020@gmail.com"><span>patrykroszkowski2020@gmail.com</span></a>
                </div>
            </div>

            <div class="przycisk-blok">
                <a href="#" class="przycisk">Pobierz CV</a>
                <a href="#" class="przycisk">Zatrudnij mnie!</a>
            </div>

            <div class="socialki">
                <a href="https://www.linkedin.com/in/patryk-roszkowski-9a15a0268/"><i
                        class="fa-brands fa-linkedin-in"></i></a>
                <a href="https://github.com/Dziadzior"><i class="fa-brands fa-github"></i></a>
                <a href="https://useme.com/pl/roles/contractor/patrykroszkowski_it,337889/"><i
                        class="fa-solid fa-clipboard-user"></i></a>
            </div>
        </div>

        <div class="glowna-zdjecie skrol-gora">
            <div class="zdjecie-blok">
                <img src="Zdjecia/ja-bez-tla.png" alt="">
            </div>

            <div class="liquid-obramowanie">
                <svg viewBox="0 0 500 500" xmlns="http://www.w3.org/2000/svg" xmlns:xlink="http://www.w3.org/1999/xlink"
                    width="100%" id="blobSvg">
                    <defs>
                        <pattern id="pattern" x="0" y="0" width="28" height="49" patternUnits="userSpaceOnUse"
                            fill="#d1d8e0">
                            <path
                                d="M13.99 9.25l13 7.5v15l-13 7.5L1 31.75v-15l12.99-7.5zM3 17.9v12.7l10.99 6.34 11-6.35V17.9l-11-6.34L3 17.9zM0 15l12.98-7.5V0h-2v6.35L0 12.69v2.3zm0 18.5L12.98 41v8h-2v-6.85L0 35.81v-2.3zM15 0v7.5L27.99 15H28v-2.31h-.01L17 6.35V0h-2zm0 49v-8l12.99-7.5H28v2.31h-.01L17 42.15V49h-2z">
                            </path>
                        </pattern>
                    </defs>
                    <path fill="url(#pattern)">
                        <animate attributeName="d" dur="50000ms" repeatCount="indefinite" values="
                        M453,288Q433,326,393,339.5Q353,353,335.5,384Q318,415,284,421Q250,427,222,406.5Q194,386,158.5,381.5Q123,377,91,353Q59,329,45.5,289.5Q32,250,30.5,204Q29,158,59.5,124Q90,90,144,107.5Q198,125,224,117.5Q250,110,280.5,106.5Q311,103,344.5,112.5Q378,122,420,142Q462,162,467.5,206Q473,250,453,288Z;
                        
                        M426,292.5Q454,335,426,366.5Q398,398,356.5,403Q315,408,282.5,424Q250,440,203,458.5Q156,477,117.5,449Q79,421,50,383Q21,345,52.5,297.5Q84,250,75,212Q66,174,111,165Q156,156,176.5,139.5Q197,123,223.5,109Q250,95,293,69Q336,43,379.5,60Q423,77,430.5,124.5Q438,172,418,211Q398,250,426,292.5Z;
                       
                        M471.5,293Q457,336,403,342.5Q349,349,345.5,411Q342,473,296,427Q250,381,222,383Q194,385,166.5,373Q139,361,108,341.5Q77,322,61,286Q45,250,61,214.5Q77,179,75.5,126.5Q74,74,134.5,95.5Q195,117,222.5,75Q250,33,286,55Q322,77,353.5,96Q385,115,401,148Q417,181,451.5,215.5Q486,250,471.5,293Z;
                        
                        M388.5,277Q380,304,380.5,342.5Q381,381,345.5,388.5Q310,396,280,434Q250,472,203,475Q156,478,155,412Q154,346,104,338.5Q54,331,39.5,290.5Q25,250,55,216Q85,182,91.5,140Q98,98,143.5,100.5Q189,103,219.5,103.5Q250,104,281,101.5Q312,99,368.5,87Q425,75,414,131Q403,187,400,218.5Q397,250,388.5,277Z;

                        M403,278Q386,306,387,347Q388,388,351,396.5Q314,405,282,415.5Q250,426,220.5,409Q191,392,149.5,392Q108,392,101,353Q94,314,66,282Q38,250,55.5,213Q73,176,95,146.5Q117,117,159,124Q201,131,225.5,113.5Q250,96,275.5,111.5Q301,127,327.5,136.5Q354,146,395.5,159Q437,172,428.5,211Q420,250,403,278Z;

                        M390.5,281Q401,312,395.5,351Q390,390,363.5,425.5Q337,461,293.5,450Q250,439,224.5,406Q199,373,175.5,360.5Q152,348,139.5,324.5Q127,301,74.5,275.5Q22,250,48,213.5Q74,177,101,152.5Q128,128,143.5,79Q159,30,204.5,64Q250,98,284.5,90Q319,82,353,97.5Q387,113,411,143Q435,173,407.5,211.5Q380,250,390.5,281Z;

                        M471.5,297.5Q480,345,425.5,358Q371,371,338.5,378Q306,385,278,396Q250,407,208.5,428Q167,449,155.5,402.5Q144,356,129,331Q114,306,66,278Q18,250,24.5,204.5Q31,159,53.5,117.5Q76,76,125,71.5Q174,67,212,48.5Q250,30,294,33.5Q338,37,348.5,89Q359,141,407.5,153Q456,165,459.5,207.5Q463,250,471.5,297.5Z;

                        M468,296Q473,342,449.5,384Q426,426,378,435Q330,444,290,433.5Q250,423,216,418.5Q182,414,154.5,393.5Q127,373,108.5,344.5Q90,316,67,283Q44,250,35,203.5Q26,157,54,119.5Q82,82,134,89Q186,96,218,53.5Q250,11,277,65Q304,119,332.5,129Q361,139,397,156.5Q433,174,448,212Q463,250,468,296Z;

                        M422.89825,283.53392Q411.1628,317.06784,379.35076,332.30328Q347.53872,347.53872,345.81006,412.36433Q344.0814,477.18994,297.0407,447.32363Q250,417.45732,216.58819,415.03194Q183.17637,412.60656,172.63765,375.25381Q162.09893,337.90107,90.14245,342.12012Q18.18598,346.33918,43.99802,298.16959Q69.81006,250,87.89825,219.99322Q105.98643,189.98643,95.86433,137.86433Q85.74223,85.74223,129.34398,75.31006Q172.94573,64.8779,211.47287,47.98643Q250,31.09497,280.88468,65.83239Q311.76936,100.56982,358.46608,97.70351Q405.1628,94.8372,385.95732,148.17637Q366.75183,201.51555,400.69276,225.75777Q434.63369,250,422.89825,283.53392Z;

                        M391,278.5Q389,307,372.5,331.5Q356,356,350.5,417.5Q345,479,297.5,453.5Q250,428,225.5,398.5Q201,369,180,355Q159,341,113.5,333.5Q68,326,96.5,288Q125,250,103.5,215Q82,180,87,136Q92,92,134.5,83.5Q177,75,213.5,91Q250,107,294.5,71.5Q339,36,339,98.5Q339,161,405,159.5Q471,158,432,204Q393,250,391,278.5Z;

                        M406.5,288.5Q436,327,425.5,371Q415,415,360,398.5Q305,382,277.5,386.5Q250,391,218.5,396Q187,401,167,377Q147,353,86.5,348Q26,343,65,296.5Q104,250,77,208.5Q50,167,100,158.5Q150,150,172,132Q194,114,222,75Q250,36,282,65.5Q314,95,355,99.5Q396,104,411.5,140.5Q427,177,402,213.5Q377,250,406.5,288.5Z;

                        M482.5,297.5Q479,345,451,384Q423,423,377.5,435.5Q332,448,291,431.5Q250,415,222,399.5Q194,384,149.5,389.5Q105,395,102,353.5Q99,312,98,281Q97,250,88.5,214.5Q80,179,101,150.5Q122,122,147.5,92.5Q173,63,211.5,92Q250,121,297,72Q344,23,349,84.5Q354,146,416,151Q478,156,482,203Q486,250,482.5,297.5Z;

                        M439.5,281Q400,312,371.5,327.5Q343,343,335.5,390.5Q328,438,289,460Q250,482,222.5,432.5Q195,383,157,382Q119,381,99,351Q79,321,90.5,285.5Q102,250,110,222.5Q118,195,120.5,159Q123,123,145,86.5Q167,50,208.5,81.5Q250,113,295.5,72Q341,31,377.5,58.5Q414,86,428,128Q442,170,460.5,210Q479,250,439.5,281Z;

                        M449,297Q476,344,424.5,358.5Q373,373,356.5,420.5Q340,468,295,475.5Q250,483,208.5,466.5Q167,450,152.5,406Q138,362,135,330.5Q132,299,127,274.5Q122,250,109.5,218.5Q97,187,94,139Q91,91,129.5,71Q168,51,209,59.5Q250,68,291.5,59Q333,50,344,97.5Q355,145,379.5,165.5Q404,186,413,218Q422,250,449,297Z;

                        M434,295Q468,340,408.5,344.5Q349,349,344,406.5Q339,464,294.5,448Q250,432,215,426Q180,420,156.5,393.5Q133,367,117.5,339Q102,311,67.5,280.5Q33,250,43,209Q53,168,103.5,161Q154,154,176,139Q198,124,224,121.5Q250,119,288.5,91.5Q327,64,349,96.5Q371,129,402.5,151.5Q434,174,417,212Q400,250,434,295Z;

                        M395,276.5Q379,303,372.5,334.5Q366,366,355.5,422.5Q345,479,297.5,451Q250,423,213.5,424Q177,425,139,412Q101,399,115.5,349.5Q130,300,105,275Q80,250,97.5,222Q115,194,121.5,161Q128,128,153,102.5Q178,77,214,91.5Q250,106,286.5,89.5Q323,73,335,113Q347,153,367.5,173Q388,193,399.5,221.5Q411,250,395,276.5Z;
                        
                        M453,288Q433,326,393,339.5Q353,353,335.5,384Q318,415,284,421Q250,427,222,406.5Q194,386,158.5,381.5Q123,377,91,353Q59,329,45.5,289.5Q32,250,30.5,204Q29,158,59.5,124Q90,90,144,107.5Q198,125,224,117.5Q250,110,280.5,106.5Q311,103,344.5,112.5Q378,122,420,142Q462,162,467.5,206Q473,250,453,288Z;
                        "></animate>
                    </path>
                </svg>
            </div>

            <div class="liquid-obramowaniee">
                <svg viewBox="0 0 500 500" xmlns="http://www.w3.org/2000/svg" xmlns:xlink="http://www.w3.org/1999/xlink"
                    width="100%" id="blobSvg">
                    <defs>
                        <pattern id="pattern" x="0" y="0" width="28" height="49" patternUnits="userSpaceOnUse"
                            fill="#d1d8e0">
                            <path
                                d="M13.99 9.25l13 7.5v15l-13 7.5L1 31.75v-15l12.99-7.5zM3 17.9v12.7l10.99 6.34 11-6.35V17.9l-11-6.34L3 17.9zM0 15l12.98-7.5V0h-2v6.35L0 12.69v2.3zm0 18.5L12.98 41v8h-2v-6.85L0 35.81v-2.3zM15 0v7.5L27.99 15H28v-2.31h-.01L17 6.35V0h-2zm0 49v-8l12.99-7.5H28v2.31h-.01L17 42.15V49h-2z">
                            </path>
                        </pattern>
                    </defs>
                    <path fill="#FF3232">
                        <animate attributeName="d" dur="50000ms" repeatCount="indefinite" values="
                        M453,288Q433,326,393,339.5Q353,353,335.5,384Q318,415,284,421Q250,427,222,406.5Q194,386,158.5,381.5Q123,377,91,353Q59,329,45.5,289.5Q32,250,30.5,204Q29,158,59.5,124Q90,90,144,107.5Q198,125,224,117.5Q250,110,280.5,106.5Q311,103,344.5,112.5Q378,122,420,142Q462,162,467.5,206Q473,250,453,288Z;
                        
                        M426,292.5Q454,335,426,366.5Q398,398,356.5,403Q315,408,282.5,424Q250,440,203,458.5Q156,477,117.5,449Q79,421,50,383Q21,345,52.5,297.5Q84,250,75,212Q66,174,111,165Q156,156,176.5,139.5Q197,123,223.5,109Q250,95,293,69Q336,43,379.5,60Q423,77,430.5,124.5Q438,172,418,211Q398,250,426,292.5Z;
                       
                        M471.5,293Q457,336,403,342.5Q349,349,345.5,411Q342,473,296,427Q250,381,222,383Q194,385,166.5,373Q139,361,108,341.5Q77,322,61,286Q45,250,61,214.5Q77,179,75.5,126.5Q74,74,134.5,95.5Q195,117,222.5,75Q250,33,286,55Q322,77,353.5,96Q385,115,401,148Q417,181,451.5,215.5Q486,250,471.5,293Z;
                        
                        M403,278Q386,306,387,347Q388,388,351,396.5Q314,405,282,415.5Q250,426,220.5,409Q191,392,149.5,392Q108,392,101,353Q94,314,66,282Q38,250,55.5,213Q73,176,95,146.5Q117,117,159,124Q201,131,225.5,113.5Q250,96,275.5,111.5Q301,127,327.5,136.5Q354,146,395.5,159Q437,172,428.5,211Q420,250,403,278Z;

                        M388.5,277Q380,304,380.5,342.5Q381,381,345.5,388.5Q310,396,280,434Q250,472,203,475Q156,478,155,412Q154,346,104,338.5Q54,331,39.5,290.5Q25,250,55,216Q85,182,91.5,140Q98,98,143.5,100.5Q189,103,219.5,103.5Q250,104,281,101.5Q312,99,368.5,87Q425,75,414,131Q403,187,400,218.5Q397,250,388.5,277Z;

                        M390.5,281Q401,312,395.5,351Q390,390,363.5,425.5Q337,461,293.5,450Q250,439,224.5,406Q199,373,175.5,360.5Q152,348,139.5,324.5Q127,301,74.5,275.5Q22,250,48,213.5Q74,177,101,152.5Q128,128,143.5,79Q159,30,204.5,64Q250,98,284.5,90Q319,82,353,97.5Q387,113,411,143Q435,173,407.5,211.5Q380,250,390.5,281Z;
                        
                        M471.5,297.5Q480,345,425.5,358Q371,371,338.5,378Q306,385,278,396Q250,407,208.5,428Q167,449,155.5,402.5Q144,356,129,331Q114,306,66,278Q18,250,24.5,204.5Q31,159,53.5,117.5Q76,76,125,71.5Q174,67,212,48.5Q250,30,294,33.5Q338,37,348.5,89Q359,141,407.5,153Q456,165,459.5,207.5Q463,250,471.5,297.5Z;

                        M468,296Q473,342,449.5,384Q426,426,378,435Q330,444,290,433.5Q250,423,216,418.5Q182,414,154.5,393.5Q127,373,108.5,344.5Q90,316,67,283Q44,250,35,203.5Q26,157,54,119.5Q82,82,134,89Q186,96,218,53.5Q250,11,277,65Q304,119,332.5,129Q361,139,397,156.5Q433,174,448,212Q463,250,468,296Z;

                        M422.89825,283.53392Q411.1628,317.06784,379.35076,332.30328Q347.53872,347.53872,345.81006,412.36433Q344.0814,477.18994,297.0407,447.32363Q250,417.45732,216.58819,415.03194Q183.17637,412.60656,172.63765,375.25381Q162.09893,337.90107,90.14245,342.12012Q18.18598,346.33918,43.99802,298.16959Q69.81006,250,87.89825,219.99322Q105.98643,189.98643,95.86433,137.86433Q85.74223,85.74223,129.34398,75.31006Q172.94573,64.8779,211.47287,47.98643Q250,31.09497,280.88468,65.83239Q311.76936,100.56982,358.46608,97.70351Q405.1628,94.8372,385.95732,148.17637Q366.75183,201.51555,400.69276,225.75777Q434.63369,250,422.89825,283.53392Z;

                        M391,278.5Q389,307,372.5,331.5Q356,356,350.5,417.5Q345,479,297.5,453.5Q250,428,225.5,398.5Q201,369,180,355Q159,341,113.5,333.5Q68,326,96.5,288Q125,250,103.5,215Q82,180,87,136Q92,92,134.5,83.5Q177,75,213.5,91Q250,107,294.5,71.5Q339,36,339,98.5Q339,161,405,159.5Q471,158,432,204Q393,250,391,278.5Z;

                        M406.5,288.5Q436,327,425.5,371Q415,415,360,398.5Q305,382,277.5,386.5Q250,391,218.5,396Q187,401,167,377Q147,353,86.5,348Q26,343,65,296.5Q104,250,77,208.5Q50,167,100,158.5Q150,150,172,132Q194,114,222,75Q250,36,282,65.5Q314,95,355,99.5Q396,104,411.5,140.5Q427,177,402,213.5Q377,250,406.5,288.5Z;

                        M482.5,297.5Q479,345,451,384Q423,423,377.5,435.5Q332,448,291,431.5Q250,415,222,399.5Q194,384,149.5,389.5Q105,395,102,353.5Q99,312,98,281Q97,250,88.5,214.5Q80,179,101,150.5Q122,122,147.5,92.5Q173,63,211.5,92Q250,121,297,72Q344,23,349,84.5Q354,146,416,151Q478,156,482,203Q486,250,482.5,297.5Z;

                        M439.5,281Q400,312,371.5,327.5Q343,343,335.5,390.5Q328,438,289,460Q250,482,222.5,432.5Q195,383,157,382Q119,381,99,351Q79,321,90.5,285.5Q102,250,110,222.5Q118,195,120.5,159Q123,123,145,86.5Q167,50,208.5,81.5Q250,113,295.5,72Q341,31,377.5,58.5Q414,86,428,128Q442,170,460.5,210Q479,250,439.5,281Z;

                        M449,297Q476,344,424.5,358.5Q373,373,356.5,420.5Q340,468,295,475.5Q250,483,208.5,466.5Q167,450,152.5,406Q138,362,135,330.5Q132,299,127,274.5Q122,250,109.5,218.5Q97,187,94,139Q91,91,129.5,71Q168,51,209,59.5Q250,68,291.5,59Q333,50,344,97.5Q355,145,379.5,165.5Q404,186,413,218Q422,250,449,297Z;

                        M434,295Q468,340,408.5,344.5Q349,349,344,406.5Q339,464,294.5,448Q250,432,215,426Q180,420,156.5,393.5Q133,367,117.5,339Q102,311,67.5,280.5Q33,250,43,209Q53,168,103.5,161Q154,154,176,139Q198,124,224,121.5Q250,119,288.5,91.5Q327,64,349,96.5Q371,129,402.5,151.5Q434,174,417,212Q400,250,434,295Z;

                        M395,276.5Q379,303,372.5,334.5Q366,366,355.5,422.5Q345,479,297.5,451Q250,423,213.5,424Q177,425,139,412Q101,399,115.5,349.5Q130,300,105,275Q80,250,97.5,222Q115,194,121.5,161Q128,128,153,102.5Q178,77,214,91.5Q250,106,286.5,89.5Q323,73,335,113Q347,153,367.5,173Q388,193,399.5,221.5Q411,250,395,276.5Z;
                        
                        M453,288Q433,326,393,339.5Q353,353,335.5,384Q318,415,284,421Q250,427,222,406.5Q194,386,158.5,381.5Q123,377,91,353Q59,329,45.5,289.5Q32,250,30.5,204Q29,158,59.5,124Q90,90,144,107.5Q198,125,224,117.5Q250,110,280.5,106.5Q311,103,344.5,112.5Q378,122,420,142Q462,162,467.5,206Q473,250,453,288Z;
                        "></animate>
                    </path>
                </svg>
            </div>
        </div>
    </section>
    <!-- Główna sekcja - Koniec -->

    <!-- O mnie sekcja - Początek -->
    <section id="Omnie" class="omnie">
        <div class="zdj-omnie skala-skrola">
            <img src="Zdjecia/OBRAZEK.png" alt="">
            <div class="info-omnie1">
                <span>5+</span>
                <p>Lat doświadczenia</p>
            </div>

            <div class="info-omnie2">
                <span>10+</span>
                <p>Projektów osobistych</p>
            </div>

            <div class="info-omnie3">
                <span>100+</span>
                <p>Zadowolonych użytkowników</p>
            </div>
        </div>

        <div class="tresc-omnie skala-skrola">
            <span>Pozwól, że się przedstawię</span>
            <h2>O mnie</h2>
            <h3>Troszkę histori</h3>
            <p>Jestem samoukiem z obszaru FrontEnd, mam kilka projektów osobistych za sobą, także jestem z wykształcenia
                Informatykiem. Zdobyłem dwa certyfikaty uprawniające mnie do pracy w IT, tzn. EE.08 oraz EE.09. Mam
                wykształcenie średnie zawodowe, po Technikum Informatycznego.</p>

            <div class="przycisk-blok">
                <a href="#" class="przycisk">Czytaj więcej...</a>
            </div>

        </div>
    </section>
    <!-- O mnie sekcja - Koniec -->

    <!-- Usługi sekcja - Początek -->
    <section id="Uslugi" class="uslugi">
        <div class="glowny-tekst skala-skrola">
            <span>Co mam do zaoferowania?</span>
            <h2>Moje usługi</h2>
        </div>

        <div class="uslugi-sekcja skrol-dol">
            <div class="uslugi-blok">
                <i class="fa-solid fa-code uslugi-ikona"></i>
                <h3>FrontEnd Developer</h3>
                <p>Mam za sobą kilka projektów, strony/aplikacje. Najważniejsze przy tworzeniu stron jest mieć otwartą
                    głowę.</p>
                <div class="przycisk-blok uslugi-przycisk">
                    <a href="#" class="przycisk">Czytaj więcej...</a>
                </div>
            </div>

            <div class="uslugi-blok">
                <i class="fa-solid fa-terminal uslugi-ikona"></i>
                <h3>Administrator IT</h3>
                <p>Jestem z wykształcenia informatykiem, dziedzinę tę traktuje jako pasje, jest to fascynujące.</p>
                <div class="przycisk-blok uslugi-przycisk">
                    <a href="#" class="przycisk">Czytaj więcej...</a>
                </div>
            </div>

            <div class="uslugi-blok">
                <i class="fa-brands fa-windows uslugi-ikona"></i>
                <h3>Windows Specjalist</h3>
                <p>Pomagam przy pracowaniu na systemach Windows/Windows Server, a także Active Directory.</p>
                <div class="przycisk-blok uslugi-przycisk">
                    <a href="#" class="przycisk">Czytaj więcej...</a>
                </div>
            </div>

            <div class="uslugi-blok">
                <i class="fa-solid fa-hand-holding-medical uslugi-ikona"></i>
                <h3>IT Support</h3>
                <p>Rozwiązuje problemy techniczne związane ze sprzętem IT, a także stricte biurowym.</p>
                <div class="przycisk-blok uslugi-przycisk">
                    <a href="#" class="przycisk">Czytaj więcej...</a>
                </div>
            </div>
        </div>
    </section>
    <!-- Usługi sekcja - Koniec -->

    <!-- Umiejętności sekcja - Początek -->
    <section id="Umiejetnosci" class="umiejetnosci">
        <div class="glowny-tekst skala-skrola">
            <span>Profesjonalne i techniczne</span>
            <h2>Moje umiejetnosci</h2>
        </div>

        <div class="umiejetnosci-glowna">
            <div class="lewa-umiejetnosci skala-skrola">
                <h3>Techniczne</h3>

                <div class="pasek-umiejetnosci">
                    <div class="info">
                        <p>Windows</p>
                        <p>99%</p>
                    </div>
                    <div class="pasek">
                        <span class="windows"></span>
                    </div>
                </div>

                <div class="pasek-umiejetnosci">
                    <div class="info">
                        <p>HTML</p>
                        <p>95%</p>
                    </div>
                    <div class="pasek">
                        <span class="html"></span>
                    </div>
                </div>

                <div class="pasek-umiejetnosci">
                    <div class="info">
                        <p>CSS</p>
                        <p>89%</p>
                    </div>
                    <div class="pasek">
                        <span class="css"></span>
                    </div>
                </div>

                <div class="pasek-umiejetnosci">
                    <div class="info">
                        <p>Windows Server</p>
                        <p>80%</p>
                    </div>
                    <div class="pasek">
                        <span class="win-server"></span>
                    </div>
                </div>

                <div class="pasek-umiejetnosci">
                    <div class="info">
                        <p>Active Directory</p>
                        <p>75%</p>
                    </div>
                    <div class="pasek">
                        <span class="active-directory"></span>
                    </div>
                </div>

                <div class="pasek-umiejetnosci">
                    <div class="info">
                        <p>JavaScript</p>
                        <p>70%</p>
                    </div>
                    <div class="pasek">
                        <span class="javascript"></span>
                    </div>
                </div>

                <div class="pasek-umiejetnosci">
                    <div class="info">
                        <p>Linux</p>
                        <p>60%</p>
                    </div>
                    <div class="pasek">
                        <span class="linux"></span>
                    </div>
                </div>
            </div>
            <div class="prawa-umiejetnosci skala-skrola">
                <h3>Profesjonalne</h3>
                <div class="profesjonalne">
                    <div class="blok">
                        <div class="kolo" data-dots="90" data-percent="90">

                        </div>
                        <div class="tekst">
                            <big>90%</big>
                            <small>Uczestniczenie w projektach</small>
                        </div>
                    </div>

                    <div class="blok">
                        <div class="kolo" data-dots="90" data-percent="85">

                        </div>
                        <div class="tekst">
                            <big>85%</big>
                            <small>Praca w zespole</small>
                        </div>
                    </div>

                    <div class="blok">
                        <div class="kolo" data-dots="90" data-percent="80">

                        </div>
                        <div class="tekst">
                            <big>80%</big>
                            <small>Kreatywność</small>
                        </div>
                    </div>

                    <div class="blok">
                        <div class="kolo" data-dots="90" data-percent="70">

                        </div>
                        <div class="tekst">
                            <big>70%</big>
                            <small>Komunikatywność</small>
                        </div>
                    </div>
                </div>
            </div>
        </div>
    </section>
    <!-- Umiejętności sekcja - Koniec -->

    <!-- Portfolio sekcja - Początek -->
    <section id="Portfolio" class="portfolio">
        <div class="glowny-tekst skala-skrola">
            <span>Co mogę zrobić dla Ciebie</span>
            <h2>Ostatnie prace</h2>
        </div>

        <div class="blok">
            <div class="filtry-przycisk skala-skrola">
                <button class="przycisk" data-filter="all">Wszystkie</button>
                <button class="przycisk" data-filter=".strony">Strony internetowe</button>
                <button class="przycisk" data-filter=".aplikacje">Aplikacje</button>
                <button class="przycisk" data-filter=".rozne">Różne</button>
            </div>

            <div class="galeria-portfolio skrol-dol">
                <div class="blok-portfolio">
                    <div class="zdj-portfolio">
                        <img src="Zdjecia/przyklad.png" alt="">
                    </div>
                    <div class="tresc-portfolio mix strony">
                        <h3>Przykład</h3>
                        <p>Strona w trakcie tworzenia</p>
                        <a href="#"><i class="fa-solid fa-square-up-right"></i></a>
                    </div>
                </div>

                <div class="blok-portfolio mix strony">
                    <div class="zdj-portfolio">
                        <img src="Zdjecia/przyklad.png" alt="">
                    </div>
                    <div class="tresc-portfolio">
                        <h3>Przykład</h3>
                        <p>Strona w trakcie tworzenia</p>
                        <a href="#"><i class="fa-solid fa-square-up-right"></i></a>
                    </div>
                </div>

                <div class="blok-portfolio mix strony">
                    <div class="zdj-portfolio">
                        <img src="Zdjecia/przyklad.png" alt="">
                    </div>
                    <div class="tresc-portfolio">
                        <h3>Przykład</h3>
                        <p>Strona w trakcie tworzenia</p>
                        <a href="#"><i class="fa-solid fa-square-up-right"></i></a>
                    </div>
                </div>

                <div class="blok-portfolio mix aplikacje">
                    <div class="zdj-portfolio">
                        <img src="Zdjecia/przyklad.png" alt="">
                    </div>
                    <div class="tresc-portfolio">
                        <h3>Przykład</h3>
                        <p>Strona w trakcie tworzenia</p>
                        <a href="#"><i class="fa-solid fa-square-up-right"></i></a>
                    </div>
                </div>

                <div class="blok-portfolio mix aplikacje">
                    <div class="zdj-portfolio">
                        <img src="Zdjecia/przyklad.png" alt="">
                    </div>
                    <div class="tresc-portfolio">
                        <h3>Przykład</h3>
                        <p>Strona w trakcie tworzenia</p>
                        <a href="#"><i class="fa-solid fa-square-up-right"></i></a>
                    </div>
                </div>

                <div class="blok-portfolio mix rozne">
                    <div class="zdj-portfolio">
                        <img src="Zdjecia/przyklad.png" alt="">
                    </div>
                    <div class="tresc-portfolio">
                        <h3>Przykład</h3>
                        <p>Strona w trakcie tworzenia</p>
                        <a href="#"><i class="fa-solid fa-square-up-right"></i></a>
                    </div>
                </div>

                <div class="blok-portfolio mix rozne">
                    <div class="zdj-portfolio">
                        <img src="Zdjecia/przyklad.png" alt="">
                    </div>
                    <div class="tresc-portfolio">
                        <h3>Przykład</h3>
                        <p>Strona w trakcie tworzenia</p>
                        <a href="#"><i class="fa-solid fa-square-up-right"></i></a>
                    </div>
                </div>

                <div class="blok-portfolio mix rozne">
                    <div class="zdj-portfolio">
                        <img src="Zdjecia/przyklad.png" alt="">
                    </div>
                    <div class="tresc-portfolio">
                        <h3>Przykład</h3>
                        <p>Strona w trakcie tworzenia</p>
                        <a href="#"><i class="fa-solid fa-square-up-right"></i></a>
                    </div>
                </div>
            </div>
        </div>
    </section>
    <!-- Portfolio sekcja - Koniec -->

    <!-- Kontakt sekcja - Początek -->
    <section id="Kontakt" class="kontakt">
        <div class="tytul">
            <h2>Skontaktuj się!</h2>
        </div>
        <div class="kontakt-blok skala-skrola">
            <div class="kontakt-infor formularz">
                <h3>Napisz do mnie</h3>
                <form>
                    <div class="formularzBlok skrol-dol">
                        <div class="wierszBlok50">
                            <div class="poleBlok">
                                <span>Imię</span>
                                <input type="text" placeholder="Jan">
                            </div>


                            <div class="poleBlok">
                                <span>Nazwisko</span>
                                <input type="text" placeholder="Kowalski">
                            </div>
                        </div>

                        <div class="wierszBlok50">
                            <div class="poleBlok">
                                <span>Email</span>
                                <input type="text" placeholder="jankowalski@gmail.com">
                            </div>


                            <div class="poleBlok">
                                <span>Telefon (opcjonalnie)</span>
                                <input type="text" placeholder="123-456-789">
                            </div>
                        </div>


                        <div class="wierszBlok100">
                            <div class="poleBlok">
                                <span>Wiadomość</span>
                                <textarea placeholder="Napisz wiadomość..."></textarea>
                            </div>
                        </div>

                        <div class="wierszBlok100 przycisk-blok">
                            <a href="#" class="przycisk">Wyslij</a>
                        </div>
                    </div>
                </form>
            </div>
            <div class="kontakt-infor infor">
                <h3>Informacje</h3>
                <div class="inforBlok">
                    <div>
                        <span><i class="fa-solid fa-location-dot"></i></span>
                        <p>Targówek, Warszawa <br>POLSKA</p>
                    </div>
                    <div>
                        <span><i class="fa-solid fa-envelope"></i></span>
                        <a href="mailto:patrykroszkowski2020@gmail.com">patrykroszkowski2020@gmail.com</a>
                    </div>

                    <div>
                        <span><i class="fa-solid fa-phone-volume"></i></span>
                        <a href="tel:48+883667943">48+ 883-667-943</a>
                    </div>
                </div>

            </div>
            <div class="kontakt-infor mapa">
                <iframe
                    src="https://www.google.com/maps/embed?pb=!1m18!1m12!1m3!1d39053.06724850085!2d21.02066139691379!3d52.283029601932185!2m3!1f0!2f0!3f0!3m2!1i1024!2i768!4f13.1!3m3!1m2!1s0x471ece9a654cef6b%3A0x8bab5026283b0299!2sTarg%C3%B3wek%2C%20Warszawa!5e0!3m2!1spl!2spl!4v1705925396639!5m2!1spl!2spl"
                    style="border:0;" allowfullscreen="" loading="lazy"
                    referrerpolicy="no-referrer-when-downgrade"></iframe>
            </div>
        </div>
    </section>
    <!-- Kontakt sekcja - Koniec -->

    <!-- Stopka - Początek -->
    <footer>
        <div class="fale">
            <div class="fala" id="fala1"></div>
            <div class="fala" id="fala2"></div>
            <div class="fala" id="fala3"></div>
            <div class="fala" id="fala4"></div>
        </div>
        <ul class="socialki">
            <a href="https://www.linkedin.com/in/patryk-roszkowski-9a15a0268/"><i
                    class="fa-brands fa-linkedin-in"></i></a>
            <a href="https://github.com/Dziadzior"><i class="fa-brands fa-github"></i></a>
            <a href="https://useme.com/pl/roles/contractor/patrykroszkowski_it,337889/"><i
                    class="fa-solid fa-clipboard-user"></i></a>
        </ul>
        <ul class="nawigacja-lista">
            <li><a href="#Glowna">Główna</a></li>
            <li><a href="#Omnie">O mnie</a></li>
            <li><a href="#Uslugi">Usługi</a></li>
            <li><a href="#Umiejetnosci">Umiejętności</a></li>
            <li><a href="#Portfolio">Portfolio</a></li>
            <li><a href="#Kontakt">Kontakt</a></li>
        </ul>
        <p>Stworzone prze Patryk Roszkowski (@codefix.it)</p>
    </footer>
    <!-- Stopka - Koniec -->

    <!-- Strzałka do góry -->
    <div id="progres">
        <span id="wartosc-progres">&#x1F815;</span>
    </div>
    <!-- MixItUp -->
    <script src="mixitup.min.js"></script>

    <!-- JS -->
    <script src="skrypt.js"></script>

</body>

</html>